-20121220111639
-20121220111824
-20121220111832
-20121220111850
-20121220111853
-20121220203357
-20121220203415
-20121220203432
-20121220203509
-20121220203519
-20121220203904
-20121220203949
-20121220203954
-20121220204046
-20121220205026
-20121220205052
-20121220210747
-20121220215246
-20121220220409
-20121220220954
-20121220221014
-20121220221032
-20121220221132
-20121220221139
-20121220221230
-20121220221244
-20121220221333
-20121220221419
-20121220233915
-20121220233928
-20121220233936
-20121220233946
-20121220234002
-20121220234058
-20121220234146
-20121220234152
-20121220234343
-20121220234438
-20121220234500
-20121220234516
-20121220234612
-20121220234614
-20121220234656
-20121220234818
-20121221085107
-20121221085158
-20121221085248
-20121221085327
-20121221085349
-20121221085358
-20121221085414
-20121221085432
-20121221085534
-20121221085556
-20121221085604
-20121221085629
-20121221085648
-20121221085701
-20121221085712
-20121221091613
-20121221091618
-20121221091700
-20121221091709
-20121221091744
-20121221091815
-20121221125621
-20121221125626
-20121221125644
-20121221125650
-20121221125654
-20121221125658
-20121221125718
-20121221125751
-20121221125817
-20121221125825
-20121221125833
-20121221125847
-20121221125925
-20121221125939
-20121221125949
-20121221130246
-20121221130309
-20121221130919
-20121221130936
-20121221153815
-20121221153903
-20121221153917
-20121221153933
-20121221153948
-20121221153952
-20121221192520
-20121221192537
-20121221192546
-20121221234231
-20121221235811
-20121221235814
-20121221235839
-20121221235922
-20121221235947
-20121222000103
-20121222000226
-20121222000324
-20121222000344
-20121222000420
-20121222000454
-20121222000505
-20121222000520
-20121222000536
-20121222000800
-20121222000821
-20121222000834
-20121222001042
-20121222001147
-20121222001315
-20121222001501
-20121222001547
-20121222110149
-20121222110254
-20121222110329
-20121222110357
-20121222110400
-20121222110403
-20121222143100
-20121223205108
-20121223205116
-20121223205202
-20121223210046
-20121223210051
-20121223210114
-20121223210137
-20121223210158
-20121223210201
-20121223210209
-20121224115627
-20121224115635
-20121227085104
-20121227085115
-20121227085128
-20121227085150
-20121227085207
-20121227085218
-20121227085249
-20121227085251
-20121227085301
-20121227085334
-20121227085336
-20121227085620
-20121227085626
-20121227085629
-20121227085721
-20121227085730
-20121227085732
-20121227085907
-20121227085925
-20121227085937
-20121227090132
-20121227090229
-20121227090234
-20121227090308
-20121227153917
-20121227153919
-20121227153924
-20121227154135
-20121227154140
-20121227154144
-20121227154157
-20121227154215
-20121227154218
-20121227154235
-20121227154240
-20121227154243
-20121227160355
-20121227160408
-20121227160412
-20121227160517
-20121227160523
-20121228083134
-20121228083138
-20121228083156
-20121228083159
-20121228083732
-20121228085142
-20121228085823
-20121228090452
-20121228090509
-20121228090609
-20121228092309
-20121228092313
-20121228092446
-20121228092543
-20121228093123
-20121228093129
-20121228093251
-20121228093259
-20121228093347
-20121228093349
-20121229075236
-20121230103403
-20121230103513
-20121230103532
-20121230103548
-20121230103600
-20121230103603
-20121230103633
-20121230103635
-20121230103642
-20121230103656
-20121230104413
-20121231175724
-20121231175731
-20121231212605
-20121231212618
-20121231212658
-20121231212718
-20121231212743
-20121231212824
-20121231212847
-20121231212857
-20130101120926
-20130101120929
-20130101121022
-20130101121035
-20130101182011
-20130101201630
-20130101201728
-20130101204010
-20130101204129
-20130101210339
-20130101212454
-20130101213301
-20130101213304
-20130101213315
-20130101213326
-20130101213342
-20130101213350
-20130101213648
-20130101213651
-20130101213734
-20130101213741
-20130101213750
-20130102105553
-20130102105614
-20130102105621
-20130102105731
-20130102110814
-20130102110820
-20130102110855
-20130102113254
-20130102114840
-20130102114849
-20130102115442
-20130102115555
-20130102115604
-20130102115720
-20130102115729
-20130102120135
-20130102120141
-20130102122340
-20130102125816
-20130102125833
-20130102161857
-20130102161911
-20130102161947
-20130102162002
-20130102162117
-20130102162124
-20130102162204
-20130102162230
-20130102162236
-20130102162333
-20130102162519
-20130102162734
-20130102163106
-20130102163739
-20130102203232
-20130102203302
-20130102203313
-20130102203523
-20130102203608
-20130102204748
-20130102204836
-20130102204856
-20130102204912
-20130102204919
-20130102205013
-20130102205032
-20130102205131
-20130102205417
-20130102205423
-20130102205549
-20130102205625
-20130104112746
-20130104112754
-20130104112936
-20130106144010
-20130106144016
-20130106144058
-20130106144103
-20130106144210
-20130106190009
-20130108135835
-20130108135841
-20130108135858
-20130108135917
-20130108135923
-20130108140200
-20130108140206
-20130108140211
-20130108140223
-20130108140227
-20130108143026
-20130108143158
-20130108172444
-20130108172501
-20130108172524
-20130108172556
-20130108172620
-20130108172645
-20130108172703
-20130108172726
-20130108172844
-20130108172854
-20130108172902
-20130108172922
-20130108173823
-20130108173831
-20130108173834
-20130108173906
-20130108173928
-20130108173948
-20130108174002
-20130108174014
-20130108174018
-20130108174118
-20130108174144
-20130108174201
-20130108174253
-20130108174306
-20130108174319
-20130108174327
-20130109084446
-20130109084452
-20130109085826
-20130109085835
-20130109085939
-20130109085954
-20130109090543
-20130109090842
-20130109091316
-20130109091348
-20130109091404
-20130109091917
-20130109091933
-20130109092037
-20130109092047
-20130109092215
-20130109092552
-20130109094402
-20130109094450
-20130109094700
-20130109095035
-20130109095150
-20130109095417
-20130109101347
-20130122090517
-20130122092254
-20130122214052
-20130122214608
-20130122215235
-20130122215242
-20130122215640
-20130122215649
-20130122215657
-20130123090541
-20130124111810
-20130124154217
-20130124154749
-20130124154800
-20130124154811
-20130124154815
-20130124155558
-20130124155603
-20130124155608
-20130124155617
-20130124155719
-20130124155725
-20130124155737
-20130124155743
-20130124160017
-20130125213305
-20130125213313
-20130125213636
-20130126112426
-20130126112446
-20130126112543
-20130126112609
-20130126162547
-20130126162625
-20130126162848
-20130126163844
-20130126165058
-20130126165108
-20130126165119
-20130128151317
-20130128151323
-20130128151329
-20130128153348
-20130128153400
-20130128153406
-20130128153652
-20130128153700
-20130128153917
-20130128153938
-20130128153954
-20130128154021
-20130128154029
-20130128154204
-20130128154323
-20130128154428
-20130128154638
-20130128154659
-20130128154713
-20130128154721
-20130128154810
-20130128154900
-20130128155001
-20130128155017
-20130128155031
-20130128155112
-20130128155119
-20130128155207
-20130129220226
-20130129220236
-20130129220247
-20130131113400
-20130131113422
-20130131113440
-20130131113452
-20130131113455
-20130131113600
-20130131142210
-20130131142216
-20130131142230
-20130131142245
-20130201220428
-20130201221008
-20130201221028
-20130201221031
-20130201221124
-20130201221225
-20130201221319
-20130201221339
-20130203145723
-20130207110203
-20130207110209
-20130207110420
-20130207110423
-20130207133416
-20130207134654
-20130207135006
-20130207135025
-20130207135435
-20130207135446
-20130207135448
-20130207135551
-20130207135709
-20130207135738
-20130207135921
-20130207135931
-20130207140437
-20130207140526
-20130207140558
-20130207140559
-20130207140645
-20130207145229
-20130207145240
-20130208140647
-20130208140650
-20130208140833
-20130208140850
-20130208140900
-20130208140902
-20130208140905
-20130208140908
-20130208140910
-20130208140939
-20130208140942
-20130208140946
-20130208140949
-20130208141251
-20130208141258
-20130208141313
-20130208141319
-20130208141345
-20130208141347
-20130208141351
-20130208141657
-20130208141712
-20130208142022
-20130208142026
-20130208142246
-20130208142251
-20130208142259
-20130208142650
-20130208142701
-20130208142812
-20130208142825
-20130208142909
-20130208142933
-20130208143358
-20130208143410
-20130208145619
-20130208145657
-20130208150246
-20130208150259
-20130208151224
-20130208152317
-20130208230159
-20130208230326
-20130208230334
-20130208230440
-20130208230742
-20130208230755
-20130208230806
-20130208231015
-20130208231022
-20130208231024
-20130208231219
-20130208231221
-20130208231227
-20130209132411
-20130209132437
-20130209132528
-20130209134010
-20130209134017
-20130209140022
-20130209140048
-20130209140132
-20130209140147
-20130209140214
-20130209140311
-20130209140328
-20130209140433
-20130209140514
-20130209140635
-20130209140644
-20130209140704
-20130209140717
-20130209140721
-20130209140808
-20130209143307
-20130209143325
-20130209143600
-20130209143654
-20130209143737
-20130209153330
-20130209153435
-20130209153825
-20130209153833
-20130209153850
-20130209153855
-20130209153936
-20130209154059
-20130209154348
-20130209154648
-20130209154725
-20130209154840
-20130209155109
-20130209155154
-20130209155412
-20130209155417
-20130209155447
-20130209155541
-20130209155745
-20130209155913
-20130209160214
-20130209160252
-20130209161557
-20130209161644
-20130209161720
-20130209161738
-20130209162056
-20130209162122
-20130209162206
-20130209162302
-20130209162329
-20130209172020
-20130209172140
-20130209172547
-20130209172558
-20130209200625
-20130209212500
-20130209212504
-20130209212519
-20130209212740
-20130209212803
-20130209212817
-20130209212914
-20130209213642
-20130209213648
-20130209213655
-20130209213823
-20130209213836
-20130209220406
-20130210144147
-20130211115317
-20130211115504
-20130211122815
-20130211122836
-20130211122935
-20130211123007
-20130211123017
-20130211144129
-20130211144132
-20130211144137
-20130211144156
-20130211144218
-20130211144240
-20130211144242
-20130211144439
-20130211144501
-20130211144600
-20130211144607
-20130211144619
-20130211144652
-20130211144757
-20130211144833
-20130211144837
-20130211144853
-20130211144905
-20130211145343
-20130211145350
-20130211145402
-20130211145415
-20130211145607
-20130211145640
-20130211145803
-20130211145810
-20130211145817
-20130211145823
-20130211145839
-20130211150731
-20130212095649
-20130212095656
-20130212104521
-20130212122729
-20130212142905
-20130213181827
-20130213182257
-20130213182348
-20130213182357
-20130213182418
-20130213182657
-20130213182723
-20130213192518
-20130213192720
-20130213192734
-20130213193858
-20130213194157
-20130213194225
-20130213194235
-20130213194241
-20130213194426
-20130213194433
-20130213194508
-20130213194511
-20130213194518
-20130213194523
-20130213194544
-20130213194547
-20130213210735
-20130213210742
-20130213210745
-20130213210752
-20130213210854
-20130215103421
-20130215114240
-20130215114254
-20130215114337
-20130215120130
-20130215120134
-20130215120138
-20130215120502
-20130215120631
-20130215120635
-20130215120637
-20130215121146
-20130215121205
-20130215121225
-20130215121257
-20130215121316
-20130215121326
-20130215121418
-20130215121426
-20130215122025
-20130215122039
-20130215122044
-20130215122049
-20130215123419
-20130215123429
-20130215124927
-20130215124932
-20130215125016
-20130215125025
-20130215125035
-20130215125041
-20130215125111
-20130215125121
-20130215125137
-20130215125150
-20130215125234
-20130215125308
-20130215125338
-20130215125417
-20130215125419
-20130215125438
-20130215125442
-20130215125450
-20130215140355
-20130215140413
-20130215140429
-20130215140436
-20130215140446
-20130215140729
-20130215142754
-20130215142802
-20130217113914
-20130217113921
-20130217113929
-20130217113944
-20130217225345
-20130217225357
-20130217225423
-20130217225504
-20130217225513
-20130217225521
-20130217225536
-20130217225543
-20130217225558
-20130217225629
-20130217225759
-20130217225927
-20130218110921
-20130218112309
-20130218225550
-20130218225749
-20130218233457
-20130218233542
-20130218233600
-20130218233645
-20130218233858
-20130218234017
-20130218234043
-20130218234055
-20130219002129
-20130219002206
-20130219002604
-20130219002650
-20130219002656
-20130219002659
-20130219002716
-20130219002749
-20130219002813
-20130219002835
-20130219002844
-20130219002952
-20130219153701
-20130219153709
-20130219153854
-20130219155035
-20130219155047
-20130219155100
-20130219155134
-20130219155150
-20130219155158
-20130219155209
-20130219155219
-20130219155239
-20130219155325
-20130219155702
-20130219160221
-20130219160829
-20130219161039
-20130219161056
-20130219171444
-20130219171525
-20130219171529
-20130219171726
-20130219171737
-20130220072516
-20130220072537
-20130220101517
-20130220101616
-20130220101623
-20130220101632
-20130220102037
-20130220102124
-20130220102130
-20130220102136
-20130220102216
-20130220102222
-20130220102241
-20130220102248
-20130220102254
-20130220102322
-20130220102444
-20130220102511
-20130220102544
-20130220102859
-20130220102926
-20130220103026
-20130220103830
-20130220103852
-20130220103914
-20130220104100
-20130220104202
-20130220115601
-20130220115608
-20130220115632
-20130220115647
-20130220115753
-20130220115826
-20130220115836
-20130220115852
-20130220115909
-20130220115922
-20130220115928
-20130220115941
-20130220120001
-20130220120016
-20130220120034
-20130220120039
-20130220120047
-20130220120055
-20130220120109
-20130220120131
-20130220120158
-20130220120420
-20130220120426
-20130220120545
-20130220120602
-20130220120618
-20130220120656
-20130220120707
-20130220120722
-20130220120903
-20130220120923
-20130220120934
-20130220120943
-20130220121118
-20130220121154
-20130220121205
-20130220121226
-20130220121235
-20130220121246
-20130220121300
-20130220121302
-20130220121317
-20130220121339
-20130220121427
-20130220121511
-20130220121555
-20130220121701
-20130220121720
-20130220121823
-20130220121931
-20130220122244
-20130220122310
-20130220122432
-20130220122441
-20130220122544
-20130220122554
-20130220122629
-20130220122644
-20130220122652
-20130220122657
-20130220122708
-20130220122713
-20130220122734
-20130220122740
-20130220122752
-20130220122758
-20130220122805
-20130220124319
-20130220124440
-20130220124532
-20130220124817
-20130220124915
-20130220124946
-20130220125014
-20130220125021
-20130220125056
-20130220125109
-20130220125119
-20130220125401
-20130220125613
-20130220125736
-20130220125754
-20130220125945
-20130220125949
-20130220130131
-20130220130136
-20130220130140
-20130220130144
-20130220130158
-20130220130203
-20130220130208
-20130220130238
-20130220130302
-20130220130502
-20130220130722
-20130220130753
-20130220131639
-20130220152431
-20130220152438
-20130220153334
-20130220153346
-20130220153409
-20130220153424
-20130220153442
-20130220153454
-20130220154112
-20130221101023
-20130221101036
-20130221101041
-20130221101053
-20130221202120
-20130221202136
-20130221202614
-20130221202647
-20130221203255
-20130221203421
-20130221203619
-20130222105302
-20130222170612
-20130222194703
-20130222224338
-20130222224428
-20130224120032
-20130224120216
-20130224120227
-20130224120301
-20130224120329
-20130224120433
-20130224120456
-20130224120510
-20130224131831
-20130224131851
-20130224131907
-20130224132339
-20130224132341
-20130224132344
-20130224132504
-20130224132516
-20130224133042
-20130224133046
-20130224133054
-20130224133100
-20130224191231
-20130224191240
-20130224191248
-20130224191259
-20130224191342
-20130224191559
-20130224215927
-20130224220548
-20130224222637
-20130224222655
-20130224222747
-20130302112404
-20130302112416
-20130302125330
-20130302125332
-20130302125339
-20130302125355
-20130302125416
-20130302125631
-20130302130140
-20130302130208
-20130302130233
-20130302130849
-20130302130858
-20130302130910
-20130302130928
-20130302131046
-20130302131103
-20130302131119
-20130302185009
-20130302185104
-20130302185148
-20130302185153
-20130302185155
-20130302185246
-20130302185339
-20130302185804
-20130302185811
-20130302185834
-20130302185920
-20130302190621
-20130302190757
-20130303163100
-20130303163632
-20130303163656
-20130303163706
-20130303165955
-20130303170124
-20130303170128
-20130303170150
-20130303170246
-20130303170327
-20130303170419
-20130303172019
-20130303172037
-20130303172135
-20130303172536
-20130311133640
-20130311133646
-20130311133650
-20130311133711
-20130311215500
-20130311220056
-20130311224433
-20130311224451
-20130312094159
-20130312094224
-20130312094259
-20130312094304
-20130312094319
-20130312094918
-20130313124406
-20130313124434
-20130313124456
-20130313124502
-20130313124513
-20130313124538
-20130313124557
-20130313141518
-20130313141545
-20130314125634
-20130314125639
-20130314132323
-20130314132430
-20130314132445
-20130314155024
-20130314155153
-20130314155541
-20130314155723
-20130314155730
-20130314174317
-20130315125658
-20130315125727
-20130315125754
-20130318170142
-20130318170147
-20130318170642
-20130318171741
-20130318172412
-20130318172433
-20130318172822
-20130318173320
-20130318173325
-20130318173338
-20130318173358
-20130318173401
-20130318173523
-20130318173537
-20130318173549
-20130318173600
-20130318173819
-20130318173832
-20130318173848
-20130318173916
-20130318173923
-20130318174106
-20130318174119
-20130318174122
-20130318174133
-20130318174246
-20130318174415
-20130318174423
-20130318174509
-20130318174513
-20130318174545
-20130318174622
-20130318174634
-20130318174747
-20130318174757
-20130318174813
-20130318174817
-20130318174926
-20130318174930
-20130318174945
-20130318175134
-20130318175147
-20130320131045
-20130320131059
-20130320131317
-20130320131340
-20130320131355
-20130320132040
-20130320132058
-20130320132103
-20130320132202
-20130320132243
-20130320132303
-20130320173312
-20130320175839
-20130320175854
-20130322101715
-20130322101807
-20130322101810
-20130322101827
-20130322101830
-20130322101936
-20130322101939
-20130322102007
-20130322102010
-20130322102025
-20130322102027
-20130322102045
-20130322102452
-20130322102455
-20130322102559
-20130322102700
-20130322102726
-20130322102747
-20130322102908
-20130322102910
-20130322102930
-20130322123056
-20130327160324
-20130327160332
-20130327160359
-20130327160405
-20130327160409
-20130327160415
-20130327160430
-20130327160436
-20130327160712
-20130327160716
-20130327160733
-20130327160742
-20130327160756
-20130327161528
-20130327161837
-20130327162020
-20130327163606
-20130327163631
-20130327163903
-20130327163913
-20130327163927
-20130327163938
-20130327164251
-20130327164303
-20130327164407
-20130327164412
-20130327164434
-20130327164446
-20130328120230
-20130328133858
-20130328134027
-20130328134338
-20130328164647
-20130328164731
-20130328164742
-20130328164746
-20130328164748
-20130328164752
-20130328164757
-20130328164801
-20130329093406
-20130329093414
-20130329093430
-20130329114010
-20130329114015
-20130329114023
-20130329114037
-20130329114102
-20130329114119
-20130329114126
-20130329114136
-20130329114146
-20130329114151
-20130329114157
-20130329114215
-20130329114223
-20130401163051
-20130401163106
-20130401163110
-20130402162147
-20130403171551
-20130403171558
-20130403171626
-20130403171633
-20130403171647
-20130408125704
-20130408125712
-20130408125746
-20130408130325
-20130408130332
-20130408164141
-20130408164417
-20130408164425
-20130408164803
-20130408164847
-20130408165743
-20130408182309
-20130408182952
-20130502132339
-20130506142230
-20130506150357
-20130506150505
-20130506150526
-20130507113749
-20130507150112
-20130507150122
-20130507150137
-20130507150221
-20130507150229
-20130507150236
-20130507150240
-20130507150243
-20130507150246
-20130507150249
-20130507150330
-20130507150346
-20130507150404
-20130507150515
-20130507150527
-20130509172445
-20130509172458
-20130509172508
-20130509172522
-20130509183109
-20130509183118
-20130509183124
-20130509183131
-20130509183134
-20130509183208
-20130509183253
-20130509183305
-20130509183753
-20130513143102
-20130513143116
-20130513143130
-20130513143152
-20130513143654
-20130513143659
-20130513143727
-20130513143821
-20130513143918
-20130514121528
-20130514130033
-20130514130052
-20130514130108
-20130514132838
-20130514132852
-20130514132925
-20130514132950
-20130514132958
-20130514133110
-20130514133124
-20130514133150
-20130514143144
-20130514143156
-20130514143217
-20130514143224
-20130514143232
-20130514143242
-20130516100355
-20130528141439
-20130528141454
-20130528141502
-20130528141508
-20130528141511
-20130528141524
-20130528141527
-20130528141530
-20130530162054
-20130531150350
-20130531150538
-20130531150600
-20130531150606
-20130531150608
-20130531150627
-20130531150648
-20130531150653
-20130531150656
-20130531150809
-20130531150831
-20130603104335
-20130617135234
-20130617135244
-20130617135249
-20130617135318
-20130617135321
-20130617135329
-20130617135333
-20130617135340
-20130617135349
-20130617135424
-20130617135429
-20130617135433
-20130617135437
-20130617135449
-20130617135452
-20130617135457
-20130617135501
-20130617135506
-20130617135510
-20130617140046
-20130617140057
-20130617140100
-20130620110559
-20130621103526
-20130621103535
-20130621103547
-20130621103551
-20130621103614
-20130621103620
-20130621103634
-20130621103646
-20130621103701
-20130621103811
-20130621103842
-20130621103856
-20130621103913
-20130624102157
-20130624102159
-20130624102205
-20130624102214
-20130624102243
-20130624102300
-20130624102306
-20130624102314
-20130624102317
-20130624102333
-20130624102335
-20130624102355
-20130624102357
-20130624102521
-20130624102632
-20130624102700
-20130624102716
-20130624102725
-20130624102729
-20130624102739
-20130624102808
-20130624102845
-20130624102857
-20130624102906
-20130624102915
-20130624102923
-20130624102930
-20130624102941
-20130624102955
-20130702110745
-20130702110753
